2250716630143
2250716633031
2250716639025
2250716639724
2250716635173
2250716632852
2250716638600
2250716639697
2250716639091
2250716639415
2250716630653
2250716635875
2250716637906
2250716630811
2250716637951
2250716630576
2250716635797
2250716639958
2250716631321
2250716638747
2250716632727
2250716633113
2250716639145
2250716633450
2250716638637
2250716637553
2250716638640
2250716630987
2250716638838
2250716634869
2250716635547
2250716639243
2250716632767
2250716630238
2250716636720
2250716630146
2250716637056
2250716632800
2250716633256
2250716638001
2250716635457
2250716639533
2250716637470
2250716639218
2250716636393
2250716634077
2250716635570
2250716637087
2250716632575
2250716632697
2250716630808
2250716630436
2250716632269
2250716632545
2250716635820
2250716636252
2250716637584
2250716636342
2250716632679
2250716638566
2250716638597
2250716635429
2250716630822
2250716633742
2250716633000
2250716638507
2250716633235
2250716639109
2250716630379
2250716634242
2250716630050
2250716632474
2250716633105
2250716637753
2250716635283
2250716635157
2250716633332
2250716637567
2250716636341
2250716632746
2250716638225
2250716631950
2250716633720
2250716639514
2250716639163
2250716633890
2250716634839
2250716631664
2250716630345
2250716630726
2250716633912
2250716632646
2250716639255
2250716631888
2250716636206
2250716637641
2250716630392
2250716631925
2250716632713
2250716632597
